Fréquence (Hz)	Niveau (dB)
43,066406	-58,377266
86,132812	-53,982548
129,199219	-49,120499
172,265625	-46,034397
215,332031	-43,881607
258,398438	-38,868805
301,464844	-38,570992
344,531250	-40,449169
387,597656	-43,110188
430,664062	-40,995865
473,730469	-36,841080
516,796875	-35,310951
559,863281	-39,130852
602,929688	-44,099411
645,996094	-43,316292
689,062500	-42,307575
732,128906	-41,153057
775,195312	-40,327976
818,261719	-38,909569
861,328125	-37,238861
904,394531	-37,307068
947,460938	-37,290855
990,527344	-35,961956
1033,593750	-31,990150
1076,660156	-33,415569
1119,726562	-33,849182
1162,792969	-32,343140
1205,859375	-30,600361
1248,925781	-30,960754
1291,992188	-32,789959
1335,058594	-34,825230
1378,125000	-33,843365
1421,191406	-32,593182
1464,257812	-31,941378
1507,324219	-26,231403
1550,390625	-24,088011
1593,457031	-24,898474
1636,523438	-27,129877
1679,589844	-29,149355
1722,656250	-26,933714
1765,722656	-26,338867
1808,789062	-27,473209
1851,855469	-31,741661
1894,921875	-31,242678
1937,988281	-32,000721
1981,054688	-31,426460
2024,121094	-29,765198
2067,187500	-27,558369
2110,253906	-28,483820
2153,320312	-31,079983
2196,386719	-31,505507
2239,453125	-30,528023
2282,519531	-29,134254
2325,585938	-32,160950
2368,652344	-31,845165
2411,718750	-33,595825
2454,785156	-35,770081
2497,851562	-34,838825
2540,917969	-30,119541
2583,984375	-28,814234
2627,050781	-32,138447
2670,117188	-37,010414
2713,183594	-40,413643
2756,250000	-39,860943
2799,316406	-37,905853
2842,382812	-37,341690
2885,449219	-35,919235
2928,515625	-36,695332
2971,582031	-36,433060
3014,648438	-32,920979
3057,714844	-32,647404
3100,781250	-34,687878
3143,847656	-35,224243
3186,914062	-29,806137
3229,980469	-29,092176
3273,046875	-32,022907
3316,113281	-31,297903
3359,179688	-32,129871
3402,246094	-35,054249
3445,312500	-32,199234
3488,378906	-32,942810
3531,445312	-34,057693
3574,511719	-36,755932
3617,578125	-38,963970
3660,644531	-38,372501
3703,710938	-37,175167
3746,777344	-38,058300
3789,843750	-36,147171
3832,910156	-34,081684
3875,976562	-32,015457
3919,042969	-30,362194
3962,109375	-31,730881
4005,175781	-34,921005
4048,242188	-39,316727
4091,308594	-40,161892
4134,375000	-40,500973
4177,441406	-42,591240
4220,507812	-39,277496
4263,574219	-36,420483
4306,640625	-36,880116
4349,707031	-35,834648
4392,773438	-35,161659
4435,839844	-33,845745
4478,906250	-36,053642
4521,972656	-35,022099
4565,039062	-34,490742
4608,105469	-35,692081
4651,171875	-36,554237
4694,238281	-42,026459
4737,304688	-41,338421
4780,371094	-39,537518
4823,437500	-40,269993
4866,503906	-43,118340
4909,570312	-42,288979
4952,636719	-44,154823
4995,703125	-44,822224
5038,769531	-42,391296
5081,835938	-42,981972
5124,902344	-42,095097
5167,968750	-43,601505
5211,035156	-45,401157
5254,101562	-45,423141
5297,167969	-47,268612
5340,234375	-49,949097
5383,300781	-51,202671
5426,367188	-51,560684
5469,433594	-53,314243
5512,500000	-52,277779
5555,566406	-49,804070
5598,632812	-50,218102
5641,699219	-49,704395
5684,765625	-51,226360
5727,832031	-46,107780
5770,898438	-42,200180
5813,964844	-42,713829
5857,031250	-47,829144
5900,097656	-45,575779
5943,164062	-43,467106
5986,230469	-44,524944
6029,296875	-48,522564
6072,363281	-48,476013
6115,429688	-48,882729
6158,496094	-48,555431
6201,562500	-46,620171
6244,628906	-44,770241
6287,695312	-43,887741
6330,761719	-48,553299
6373,828125	-45,449379
6416,894531	-42,728233
6459,960938	-42,815086
6503,027344	-46,033688
6546,093750	-41,829567
6589,160156	-40,081112
6632,226562	-41,876831
6675,292969	-46,338707
6718,359375	-47,714115
6761,425781	-46,988297
6804,492188	-47,392570
6847,558594	-46,663326
6890,625000	-47,934158
6933,691406	-50,050060
6976,757812	-50,783798
7019,824219	-52,602283
7062,890625	-53,679070
7105,957031	-56,996212
7149,023438	-53,324848
7192,089844	-53,126347
7235,156250	-54,980465
7278,222656	-53,998409
7321,289062	-53,527603
7364,355469	-56,008186
7407,421875	-56,201401
7450,488281	-54,392422
7493,554688	-52,578331
7536,621094	-43,528851
7579,687500	-42,644405
7622,753906	-50,719093
7665,820312	-54,684254
7708,886719	-54,436398
7751,953125	-55,386600
7795,019531	-56,407616
7838,085938	-56,518711
7881,152344	-53,828850
7924,218750	-55,579205
7967,285156	-58,475079
8010,351562	-57,660778
8053,417969	-57,189335
8096,484375	-54,797455
8139,550781	-54,133659
8182,617188	-53,079666
8225,683594	-53,410244
8268,750000	-55,490223
8311,816406	-57,504021
8354,882812	-57,119762
8397,949219	-54,946461
8441,015625	-55,376335
8484,082031	-55,003380
8527,148438	-54,979328
8570,214844	-56,013470
8613,281250	-57,077030
8656,347656	-57,512333
8699,414062	-55,378231
8742,480469	-56,056038
8785,546875	-54,552982
8828,613281	-54,869350
8871,679688	-56,840271
8914,746094	-57,772968
8957,812500	-56,203190
9000,878906	-53,885296
9043,945312	-54,971619
9087,011719	-54,716980
9130,078125	-52,631645
9173,144531	-52,405090
9216,210938	-54,543392
9259,277344	-55,155289
9302,343750	-57,296635
9345,410156	-56,870785
9388,476562	-56,800220
9431,542969	-55,932049
9474,609375	-56,548717
9517,675781	-55,942841
9560,742188	-54,803883
9603,808594	-55,926380
9646,875000	-54,091297
9689,941406	-54,567112
9733,007812	-54,079765
9776,074219	-53,661777
9819,140625	-54,717258
9862,207031	-54,690525
9905,273438	-54,439816
9948,339844	-54,875767
9991,406250	-54,913273
10034,472656	-54,149605
10077,539062	-54,927540
10120,605469	-55,317532
10163,671875	-57,314316
10206,738281	-57,301208
10249,804688	-56,906349
10292,871094	-58,970371
10335,937500	-60,860577
10379,003906	-62,090611
10422,070312	-60,526527
10465,136719	-60,376102
10508,203125	-60,744122
10551,269531	-61,178699
10594,335938	-60,761288
10637,402344	-60,029472
10680,468750	-58,733662
10723,535156	-59,549278
10766,601562	-61,562851
10809,667969	-61,329838
10852,734375	-58,912621
10895,800781	-60,519989
10938,867188	-59,676319
10981,933594	-60,466938
11025,000000	-61,278362
11068,066406	-61,010986
11111,132812	-60,414116
11154,199219	-60,591160
11197,265625	-60,995056
11240,332031	-61,285786
11283,398438	-60,925575
11326,464844	-61,918545
11369,531250	-62,960083
11412,597656	-64,859726
11455,664062	-66,000336
11498,730469	-66,741402
11541,796875	-66,082191
11584,863281	-66,311226
11627,929688	-67,043541
11670,996094	-66,684433
11714,062500	-66,676651
11757,128906	-67,476524
11800,195312	-66,481873
11843,261719	-66,653549
11886,328125	-66,645157
11929,394531	-66,371696
11972,460938	-65,185295
12015,527344	-65,309799
12058,593750	-66,955788
12101,660156	-66,682518
12144,726562	-66,444412
12187,792969	-68,086273
12230,859375	-67,107948
12273,925781	-67,151825
12316,992188	-66,945175
12360,058594	-66,953102
12403,125000	-66,479156
12446,191406	-66,177490
12489,257812	-67,122131
12532,324219	-68,273483
12575,390625	-68,532692
12618,457031	-69,356323
12661,523438	-70,123726
12704,589844	-68,810516
12747,656250	-69,259094
12790,722656	-70,263153
12833,789062	-71,108604
12876,855469	-71,483215
12919,921875	-70,290817
12962,988281	-71,930336
13006,054688	-70,414406
13049,121094	-71,032036
13092,187500	-71,420372
13135,253906	-71,243111
13178,320312	-70,997978
13221,386719	-70,670891
13264,453125	-69,963943
13307,519531	-69,911560
13350,585938	-69,834915
13393,652344	-69,132828
13436,718750	-69,760132
13479,785156	-70,387245
13522,851562	-70,522827
13565,917969	-69,952934
13608,984375	-70,578125
13652,050781	-70,374146
13695,117188	-69,712181
13738,183594	-68,672112
13781,250000	-69,287369
13824,316406	-69,883858
13867,382812	-69,809731
13910,449219	-68,980927
13953,515625	-69,528099
13996,582031	-71,089851
14039,648438	-69,989067
14082,714844	-70,509636
14125,781250	-72,080070
14168,847656	-74,390602
14211,914062	-74,240448
14254,980469	-72,917023
14298,046875	-72,451828
14341,113281	-72,817589
14384,179688	-72,615196
14427,246094	-73,522659
14470,312500	-74,084419
14513,378906	-74,725922
14556,445312	-76,253159
14599,511719	-76,242905
14642,578125	-74,548805
14685,644531	-72,822571
14728,710938	-73,649460
14771,777344	-74,012161
14814,843750	-75,211960
14857,910156	-75,304108
14900,976562	-73,834053
14944,042969	-73,675842
14987,109375	-73,887146
15030,175781	-71,733269
15073,242188	-65,795914
15116,308594	-59,706459
15159,375000	-59,955116
15202,441406	-67,500542
15245,507812	-71,422089
15288,574219	-72,998634
15331,640625	-73,669891
15374,707031	-74,542160
15417,773438	-74,016869
15460,839844	-73,804024
15503,906250	-75,148689
15546,972656	-77,252739
15590,039062	-76,291618
15633,105469	-75,448975
15676,171875	-76,180496
15719,238281	-78,665573
15762,304688	-82,898666
15805,371094	-88,051567
15848,437500	-89,039215
15891,503906	-89,124039
15934,570312	-89,128075
15977,636719	-89,062149
16020,703125	-89,128365
16063,769531	-89,202812
16106,835938	-89,239403
16149,902344	-89,260361
16192,968750	-89,269577
16236,035156	-89,295021
16279,101562	-89,297195
16322,167969	-89,325806
16365,234375	-89,327988
16408,300781	-89,347687
16451,367188	-89,364662
16494,433594	-89,372009
16537,500000	-89,389229
16580,566406	-89,401810
16623,632812	-89,414612
16666,699219	-89,427734
16709,765625	-89,439827
16752,832031	-89,450691
16795,898438	-89,467644
16838,964844	-89,475052
16882,031250	-89,493912
16925,097656	-89,494919
16968,164062	-89,521935
17011,230469	-89,520920
17054,296875	-89,543098
17097,363281	-89,540634
17140,429688	-89,571678
17183,496094	-89,561920
17226,562500	-89,592445
17269,628906	-89,587410
17312,695312	-89,612411
17355,761719	-89,607880
17398,828125	-89,635223
17441,894531	-89,633652
17484,960938	-89,652542
17528,027344	-89,655197
17571,093750	-89,671654
17614,160156	-89,676880
17657,226562	-89,692551
17700,292969	-89,696671
17743,359375	-89,714088
17786,425781	-89,714676
17829,492188	-89,734001
17872,558594	-89,735413
17915,625000	-89,750069
17958,691406	-89,755966
18001,757812	-89,769600
18044,824219	-89,775307
18087,890625	-89,784935
18130,957031	-89,795181
18174,023438	-89,801399
18217,089844	-89,813164
18260,156250	-89,818222
18303,222656	-89,831795
18346,289062	-89,833725
18389,355469	-89,849091
18432,421875	-89,850868
18475,488281	-89,866920
18518,554688	-89,862816
18561,621094	-89,881653
18604,687500	-89,883064
18647,753906	-89,895607
18690,820312	-89,895500
18733,886719	-89,913399
18776,953125	-89,911507
18820,019531	-89,927048
18863,085938	-89,923836
18906,152344	-89,941643
18949,218750	-89,939194
18992,285156	-89,955727
19035,351562	-89,950050
19078,417969	-89,970161
19121,484375	-89,963440
19164,550781	-89,982651
19207,617188	-89,977119
19250,683594	-89,995033
19293,750000	-89,991302
19336,816406	-90,004219
19379,882812	-90,003319
19422,949219	-90,017357
19466,015625	-90,012711
19509,082031	-90,028061
19552,148438	-90,027107
19595,214844	-90,034622
19638,281250	-90,038353
19681,347656	-90,047104
19724,414062	-90,048454
19767,480469	-90,056564
19810,546875	-90,061127
19853,613281	-90,063629
19896,679688	-90,068756
19939,746094	-90,073280
19982,812500	-90,082199
20025,878906	-90,078888
20068,945312	-90,089607
20112,011719	-90,089699
20155,078125	-90,098923
20198,144531	-90,093857
20241,210938	-90,108360
20284,277344	-90,103371
20327,343750	-90,117111
20370,410156	-90,108803
20413,476562	-90,122879
20456,542969	-90,116798
20499,609375	-90,132072
20542,675781	-90,121109
20585,742188	-90,137978
20628,808594	-90,130875
20671,875000	-90,142998
20714,941406	-90,135002
20758,007812	-90,150604
20801,074219	-90,139900
20844,140625	-90,152565
20887,207031	-90,150970
20930,273438	-90,156433
20973,339844	-90,153755
21016,406250	-90,162407
21059,472656	-90,157303
21102,539062	-90,166573
21145,605469	-90,163818
21188,671875	-90,169395
21231,738281	-90,168007
21274,804688	-90,171814
21317,871094	-90,173668
21360,937500	-90,171722
21404,003906	-90,179489
21447,070312	-90,174438
21490,136719	-90,181877
21533,203125	-90,176224
21576,269531	-90,184097
21619,335938	-90,178741
21662,402344	-90,184967
21705,468750	-90,180199
21748,535156	-90,186974
21791,601562	-90,181786
21834,667969	-90,192505
21877,734375	-90,177742
21920,800781	-90,190575
21963,867188	-90,183632
22006,933594	-90,195709
